-0.7436227202415466
0.4765666425228119
0.3759574890136719
0.2080446481704712
0.17093420028686523
-0.7053132653236389
-0.28293710947036743
-0.42466503381729126
0.10361039638519287
0.7713552713394165
-0.6736350655555725
-0.9597765803337097
-0.39951783418655396
0.29758596420288086
-0.37754446268081665
0.7498092651367188
-0.9699289202690125
-0.5221613645553589
1.0027062892913818
-0.6386603116989136
0.5536161661148071
0.6891793012619019
0.03445541858673096
-0.22308054566383362
0.19144196808338165
0.31117647886276245
0.6152024269104004
0.9944864511489868
-0.7011829018592834
0.6498911380767822
0.3318069577217102
-0.48077887296676636
0.3628956079483032
-0.8033997416496277
0.9329813718795776
0.09653007984161377
-0.7668996453285217
-0.31422898173332214
0.32665976881980896
0.10955104976892471
-1.001139521598816
0.5929850339889526
-0.5448060631752014
0.7638483047485352
-0.8945885300636292
-0.4635853171348572
-0.4392516613006592
0.6814483404159546
0.3416345417499542
0.024872541427612305
-0.06694725900888443
0.007191996555775404
-1.008932113647461
0.8125542402267456
0.5324962139129639
-0.09062961488962173
0.360433965921402
-0.5940024852752686
0.34096258878707886
0.8974370956420898
-0.16428112983703613
0.4838099479675293
0.3727835416793823
0.6191900968551636
0.9007538557052612
-0.3083083927631378
-0.8617920279502869
-0.37972167134284973
-0.6508072018623352
0.9168474674224854
0.8922500610351562
0.7881824970245361
-0.23693405091762543
0.6817541122436523
-0.6592292189598083
0.7224248647689819
-0.06991731375455856
0.022777218371629715
0.2774437665939331
-0.46427810192108154
0.2523172199726105
-0.20676232874393463
0.7425452470779419
0.8860646486282349
-0.4607580602169037
0.37550944089889526
-0.042471982538700104
0.34352606534957886
0.9965819120407104
-0.6564836502075195
0.2470473051071167
-0.8054749965667725
-0.095736563205719
0.5189874172210693
-0.9191870093345642
0.9055147171020508
-0.2437915951013565
-0.39727890491485596
-0.7110490798950195
-0.6320873498916626
0.19329574704170227
0.9452508687973022
-0.018583323806524277
-0.031197890639305115
0.703218936920166
-0.5831770896911621
-0.5341861844062805
0.8077535629272461
0.5191711783409119
-0.7177648544311523
0.7355059385299683
0.08344795554876328
-0.41019806265830994
0.680328369140625
-0.3205567002296448
-0.0072939395904541016
-0.2065798044204712
0.2318490743637085
-0.7117221355438232
0.3232215642929077
-0.35203099250793457
0.25907158851623535
0.04739522933959961
0.7640112638473511
-0.6494017243385315
0.4772399663925171
0.8303389549255371
0.5554283261299133
-0.4618147015571594
-0.356830358505249
1.1247820854187012
1.0604898929595947
-0.4779894948005676
-0.07899043709039688
0.9040302038192749
0.8816901445388794
0.06861593574285507
0.6297695636749268
-0.8243964910507202
-0.7961156368255615
-0.040130615234375
0.8730429410934448
0.6405529975891113
-0.4120914340019226
0.4441359043121338
0.4356517791748047
0.8146916627883911
-0.4854579567909241
0.2315237671136856
-0.17217503488063812
0.7859437465667725
-0.3751224875450134
-0.6545909643173218
-0.2196410894393921
-0.24143128097057343
0.35622429847717285
0.06320565938949585
-0.2269233763217926
0.5779717564582825
0.09832273423671722
0.1580364853143692
-0.34106317162513733
0.8277747631072998
0.6916218996047974
0.03457808122038841
0.3268434405326843
0.7926163673400879
0.2694076597690582
-0.06859461218118668
-0.19541001319885254
-0.8220770955085754
-0.7122104167938232
-0.5178685784339905
0.6856594085693359
0.6406140327453613
0.324849396944046
-0.8920859694480896
-0.31850093603134155
0.4016144573688507
-0.6685073971748352
-0.2660701274871826
0.9022595882415771
-0.42592671513557434
0.7575005292892456
0.5821416974067688
0.6679188013076782
-0.6404902935028076
0.4141082167625427
1.0532057285308838
0.5133330225944519
0.5830975770950317
1.016419529914856
-0.5704612731933594
-0.6914164423942566
0.7825654745101929
0.14741481840610504
-0.887427031993866
-0.7023835182189941
-0.47801142930984497
0.9072847366333008
-0.694082498550415
-0.7420575618743896
0.5429956912994385
0.6886299848556519
-0.3818157911300659
1.0033575296401978
0.6663111448287964
-0.7373980283737183
0.6562793254852295
0.37264078855514526
0.45609915256500244
0.9558501243591309
-0.23640616238117218
-0.35375890135765076
0.3991125822067261
-0.5375611782073975
-0.5262290239334106
1.0744051933288574
0.5918459892272949
-0.826776385307312
-0.46600669622421265
-0.8826459646224976
0.3875746428966522
0.10409922152757645
0.6291396617889404
-0.7170323729515076
-0.503708004951477
-0.8734702467918396
0.4202704429626465
0.000885009765625
-0.1503237932920456
0.8228710889816284
-0.5907255411148071
0.8989031314849854
0.3435475528240204
0.5281223058700562
0.4027716815471649
0.14173778891563416
-0.5893838405609131
0.16208374500274658
0.7067993879318237
0.2961430847644806
-0.1634650081396103
0.2725229561328888
0.4459274113178253
0.16373300552368164
0.04949067160487175
-0.5063118934631348
-0.4813678562641144
0.34519481658935547
-0.1605987697839737
-0.7784350514411926
-0.31827691197395325
0.4371776580810547
0.5157322883605957
0.3685719966888428
0.5555894374847412
-0.2943919003009796
-0.8213440775871277
1.040061593055725
0.4642183184623718
-0.02334606647491455
-0.3443812429904938
0.3363633453845978
0.18090209364891052
-0.45097264647483826
-0.4451942443847656
0.14047670364379883
-0.08678363263607025
-0.551030158996582
-0.690784215927124
-0.06362928450107574
-0.6004701852798462
-0.4081434905529022
0.20381297171115875
-0.301207959651947
0.18879784643650055
-0.8090963363647461
-0.443403422832489
0.41770684719085693
0.23748531937599182
-0.5018567442893982
-0.6711935997009277
0.31968140602111816
-0.1251154989004135
-0.5829541683197021
0.3943101167678833
0.08920681476593018
-0.249691441655159
-0.047557611018419266
-0.018261689692735672
0.6115996837615967
-0.36639609932899475
0.8374987840652466
0.022288288921117783
-0.43957820534706116
0.4226514995098114
0.242410346865654
-0.16543899476528168
0.37245962023735046
-0.730703592300415
-0.634265661239624
0.4802081286907196
-0.5885701775550842
0.757195234298706
0.5119272470474243
0.6013263463973999
-0.7553843259811401
0.3826514780521393
-0.14338631927967072
0.21404646337032318
0.03323471546173096
0.3533945679664612
0.6835851669311523
-0.7109276056289673
0.5204334259033203
-0.70551598072052
-0.7660456895828247
0.21270233392715454
-0.4417976438999176
-0.22291815280914307
0.47188693284988403
-1.0398778915405273
-0.40271252393722534
0.020131807774305344
-0.8316789865493774
-0.8454940319061279
0.38035351037979126
-0.8808954954147339
-0.014373604208230972
-0.29683342576026917
-0.41666918992996216
0.8133689165115356
-0.25490158796310425
-0.11602161824703217
-0.5344913601875305
0.8847016096115112
0.5410419702529907
-0.5851520895957947
-0.4676760137081146
0.6404510736465454
-0.4379497766494751
0.8379887342453003
-0.8681589365005493
0.11215490847826004
0.7643959522247314
-0.4683487117290497
-1.0707021951675415
-0.7758933305740356
-0.28277474641799927
0.18265268206596375
-0.8599004149436951
0.5823029279708862
-0.3950406610965729
0.4510142505168915
0.42576441168785095
-0.6620374917984009
0.7867770195007324
-0.26013001799583435
-0.2863149046897888
-0.582730770111084
0.19778986275196075
-0.8967662453651428
0.7247841358184814
-0.1299368143081665
0.5528221130371094
0.34375008940696716
1.009501576423645
0.9698079824447632
0.37642702460289
-0.5871036052703857
-0.6832581758499146
-0.6625671982765198
-0.579028844833374
0.507165789604187
0.7775598764419556
-0.39795228838920593
-0.8442542552947998
-0.8894423246383667
-0.43563222885131836
0.2897927761077881
0.848812460899353
0.7585588693618774
-0.9281588792800903
-0.965208888053894
0.16509471833705902
0.6540013551712036
-0.4219593107700348
0.023712873458862305
-1.017212986946106
0.4082052409648895
-0.06928738206624985
0.3465786278247833
-0.5896279811859131
-0.8199413418769836
0.0011291508562862873
-0.3732297122478485
-0.09313027560710907
0.18497395515441895
-0.1734769642353058
-0.37748411297798157
-0.6922731399536133
0.6463711261749268
-1.1146897077560425
-0.7083449363708496
-0.06023440137505531
0.6027907133102417
-0.1334788054227829
0.37371930480003357
-0.45434918999671936
0.2223077416419983
-0.503891110420227
-0.8800213932991028
0.46305739879608154
-0.6628315448760986
0.34313973784446716
-0.27408671379089355
-0.9017919898033142
0.7711721658706665
-0.25219520926475525
-0.5634833574295044
0.6989648342132568
0.1919914036989212
-0.305987685918808
0.1389526128768921
-0.6923717856407166
-0.3185606598854065
-0.43101292848587036
-0.106662817299366
-0.5419794321060181
0.19581593573093414
0.49251696467399597
-0.424503356218338
-0.46269112825393677
0.42848896980285645
-0.9621576070785522
-0.09642873704433441
-0.8229724764823914
0.6684871912002563
-0.5721305012702942
-0.6995757818222046
-0.7856379747390747
-0.9941405057907104
-0.37251928448677063
0.8058613538742065
-0.5731284022331238
-0.9421777725219727
-0.6840729713439941
0.9095840454101562
0.30287545919418335
-0.6928213834762573
-0.6788221001625061
-0.6818532347679138
-0.44981053471565247
-0.33382055163383484
0.21880733966827393
0.0489199198782444
0.24604938924312592
-0.6423852443695068
-0.7022826671600342
-0.31811583042144775
0.8893802165985107
-0.6532694101333618
0.8757078647613525
0.7838472127914429
-1.0802849531173706
-0.564785897731781
-0.2932932674884796
-0.7640919089317322
-0.47583484649658203
-0.48952725529670715
-0.816970705986023
-0.9821571111679077
0.8547923564910889
0.3227943181991577
0.9740592241287231
-0.49914976954460144
0.7797375917434692
-0.25766777992248535
1.0647815465927124
0.4619605839252472
1.189908504486084
-0.730765163898468
-0.08322399854660034
-0.6273499727249146
0.4641548991203308
-0.39180830121040344
0.1327238380908966
0.2534347474575043
-0.6453346014022827
0.6613256931304932
-0.7710098028182983
0.06729274243116379
0.7366247177124023
0.7109488248825073
-0.9430933594703674
0.6250898838043213
-0.23772940039634705
0.3249506652355194
0.836827278137207
-0.2857246696949005
-0.015086550265550613
-0.9425641894340515
0.18582777678966522
-0.13567429780960083
0.5520896911621094
0.7170732021331787
0.2436097413301468
-0.4990064799785614
-0.32665786147117615
0.33510422706604004
0.836746096611023
-0.8979471921920776
-0.5571575164794922
-0.8731253147125244
-0.27435222268104553
-0.7532278895378113
0.38075870275497437
-0.8820775747299194
0.6960345506668091
-0.5880616903305054
-0.16483110189437866
0.7678152322769165
0.7570928335189819
0.6469002962112427
0.5078176259994507
0.7838679552078247
0.169509619474411
0.27941712737083435
-0.9354026913642883
0.1385442465543747
0.40543898940086365
0.6264948844909668
-0.30454421043395996
0.28065863251686096
-0.19726066291332245
-0.559535026550293
-0.29575297236442566
0.875159740447998
-0.28318125009536743
-0.5751426219940186
-0.9877523183822632
0.5427711009979248
-0.4486123323440552
0.5512350797653198
-0.04237063229084015
0.2322549670934677
0.49151965975761414
-0.1303451657295227
-0.8475300669670105
-0.5020807981491089
-0.018707219511270523
0.06654074043035507
0.8016095161437988
-0.5452333688735962
-0.6913156509399414
-0.17968259751796722
-0.17634573578834534
-0.8163995146751404
0.3392547369003296
0.4693247079849243
-0.6210211515426636
-0.3006579577922821
-0.19754572212696075
-0.5371551513671875
0.28466811776161194
-0.7463497519493103
0.4527018666267395
0.8295235633850098
0.2615533471107483
-0.6739200949668884
-0.09331582486629486
-0.4464760422706604
-0.7066566348075867
-0.30519673228263855
0.46073728799819946
0.793185830116272
-0.5372990965843201
-0.4399645924568176
-0.06963226944208145
-0.5871652364730835
-0.3955504298210144
-0.7869197726249695
0.33382123708724976
0.14153443276882172
0.3005157709121704
0.5426098704338074
0.2631013095378876
0.35003820061683655
0.5173394680023193
0.13085304200649261
0.024344004690647125
-0.7200831174850464
0.6500557661056519
0.17331521213054657
0.5903408527374268
0.39648669958114624
-0.8661861419677734
0.8528190851211548
-0.6128830909729004
-0.7628107070922852
0.7668380737304688
-0.8785772323608398
0.9385761022567749
-0.32958951592445374
0.5260274410247803
0.10295967757701874
-0.15064916014671326
0.05437484756112099
0.4990899860858917
-0.17274512350559235
0.8109073638916016
0.030671119689941406
0.6341855525970459
-0.009164709597826004
-0.08889921009540558
-0.43605756759643555
0.05095616728067398
-0.3460896611213684
0.2919914126396179
-0.45935359597206116
-0.7455960512161255
-0.21150237321853638
0.9957481622695923
0.4789685010910034
-0.38499099016189575
0.5088149309158325
-0.15618334710597992
0.4826716482639313
0.7766660451889038
-0.38332223892211914
0.7699722051620483
-0.7682413458824158
0.45540890097618103
-0.904903769493103
0.8505415916442871
0.4216950535774231
1.0121469497680664
0.461531400680542
0.4543088972568512
-0.39636337757110596
0.7401860952377319
0.5536985397338867
0.7341641187667847
-0.8403266072273254
-0.6283859014511108
0.301146924495697
0.6635034084320068
-0.7166650295257568
0.9246002435684204
0.9541013240814209
0.6196794509887695
-0.5403907299041748
0.05313330516219139
0.44224438071250916
-0.3033423125743866
-0.44368723034858704
-0.7163189649581909
0.07663320749998093
0.9103376865386963
0.8993511199951172
-0.4006757438182831
0.5865162014961243
-0.7024641036987305
0.3439546823501587
-0.6049471497535706
0.043693333864212036
-0.7869382500648499
-0.8042324781417847
-0.41400250792503357
-0.6126579642295837
0.30515575408935547
0.7123532295227051
-0.5681418180465698
0.5613482594490051
0.4338419735431671
0.319113165140152
-0.38063594698905945
0.15644891560077667
0.09362106025218964
0.07158664613962173
0.8454749584197998
0.09081332385540009
-0.29719769954681396
0.7766672372817993
0.3240162432193756
0.08003051578998566
1.0629096031188965
-0.5352417826652527
1.0181498527526855
-0.16975311934947968
0.3696720004081726
-0.4131278097629547
0.10082462430000305
-0.07402633875608444
0.6189671754837036
0.34692472219467163
-0.3537192940711975
0.8661257028579712
-0.6508884429931641
-0.5562810301780701
-0.8653109073638916
-0.16019107401371002
-0.25610029697418213
0.19427165389060974
0.8128201961517334
-0.8251899480819702
0.616016149520874
-0.4894656240940094
-0.947670578956604
0.3115854859352112
0.35656973719596863
0.5632410049438477
-0.28985312581062317
-0.6056997776031494
-0.1093270406126976
0.1839558184146881
0.9502956867218018
-0.607491135597229
-0.7372558116912842
0.2792956233024597
-0.12684467434883118
-0.8745481967926025
0.894324779510498
0.9482815265655518
-0.6477755308151245
0.9612823724746704
-0.904599130153656
0.3564256429672241
0.48177623748779297
0.8439289331436157
-0.9257789850234985
-0.06084350869059563
-0.8425244688987732
0.4006372094154358
0.24513442814350128
0.04580831527709961
0.713776707649231
-0.05862545594573021
0.17931756377220154
-0.1418183147907257
0.13821959495544434
0.4641773998737335
-0.01988707110285759
0.23514573276042938
-0.05221651867032051
0.6173796653747559
-0.25502240657806396
-0.26356756687164307
-0.2524588704109192
0.4127427637577057
-0.8228907585144043
0.49758413434028625
0.4759770929813385
-0.6192712783813477
-0.8310086727142334
0.24883809685707092
0.9575182199478149
0.3010852038860321
0.20104561746120453
-0.9093600511550903
0.1668856292963028
0.8811407089233398
-0.5436463356018066
-0.5219782590866089
-0.4936973750591278
0.47412580251693726
0.3158568739891052
0.38586634397506714
0.35827749967575073
-0.02940944954752922
-0.8651893734931946
0.32869473099708557
-0.9231745600700378
-0.34598833322525024
0.8644776344299316
0.8469399213790894
-0.08015139400959015
0.11530926078557968
-0.7799817323684692
-0.5086721181869507
0.40401437878608704
0.05626634508371353
0.3991723656654358
