0.8235223293304443
-0.08607258647680283
0.966368556022644
-0.3881039023399353
0.7858821153640747
-0.08426159620285034
-0.3796197175979614
-0.9260841608047485
0.459456205368042
-0.2604345977306366
0.7433191537857056
-0.722912073135376
0.42834869027137756
0.23398606479167938
-0.7121488451957703
0.04800623282790184
-0.020842906087636948
-0.8400819301605225
0.48747342824935913
-0.8836421966552734
0.41194862127304077
-0.8705001473426819
-0.5889565944671631
-0.07862605899572372
-0.12835107743740082
0.2997625470161438
0.4902389943599701
-0.7804498672485352
-0.3254799246788025
0.8053730726242065
0.031891822814941406
0.8174382448196411
-0.9002044796943665
-0.20812587440013885
-0.07185031473636627
0.11095552146434784
0.18133118748664856
0.47247785329818726
0.07695851475000381
-0.584987998008728
0.8095858097076416
-0.5697898268699646
1.0647205114364624
0.9443554878234863
0.27860593795776367
-0.3515402674674988
-0.6755860447883606
-0.030750468373298645
0.46875515580177307
0.3126426935195923
-0.19835995137691498
0.3084706962108612
0.23815606534481049
-0.695303201675415
0.020172715187072754
0.24128974974155426
-0.14367078244686127
-0.4462721347808838
0.06070137023925781
0.5221412181854248
-0.669016420841217
-0.8954228758811951
0.6045825481414795
-0.18090277910232544
-0.878494918346405
0.20751674473285675
-0.3449293076992035
-0.3200872242450714
0.5916836261749268
-0.3290388882160187
-0.030934780836105347
1.1674262285232544
0.6528444886207581
-0.09972099959850311
0.9110511541366577
0.18698875606060028
-0.5477548837661743
-0.6556481719017029
-0.2173619270324707
0.04831076040863991
-0.7631965279579163
0.9535715579986572
-0.7405719757080078
0.12470903247594833
-0.9537137746810913
-0.7495651245117188
0.7285072803497314
-0.48865196108818054
0.7876118421554565
0.016735151410102844
-0.20250986516475677
0.7460052967071533
1.0831743478775024
-0.20198127627372742
0.3504239618778229
0.6740214824676514
0.9456971883773804
0.44997721910476685
0.7598416805267334
1.2005295753479004
0.29166847467422485
-0.4731054902076721
-0.07034333795309067
-0.42812222242355347
0.24684648215770721
-0.38299453258514404
-0.11937553435564041
-0.13018035888671875
-0.24539805948734283
-0.5345720052719116
-0.008880261331796646
0.679169774055481
-0.438256174325943
0.04800558090209961
0.2849513292312622
0.05317356064915657
0.3925400972366333
-0.7214466333389282
-0.439760684967041
0.5586218237876892
1.0444153547286987
-0.8478946685791016
-0.5098307132720947
0.7022832632064819
0.3977477550506592
0.025748465210199356
1.109400749206543
0.18233104050159454
0.911598801612854
0.920856237411499
-0.5223243236541748
0.6869411468505859
-0.6213464736938477
0.18837302923202515
-0.6657176613807678
1.0417929887771606
-0.12830771505832672
0.8001642227172852
-0.22556227445602417
0.810357928276062
-0.8663496375083923
0.2479017972946167
-0.17888914048671722
0.028148431330919266
0.2841993272304535
-0.006214778404682875
0.7046424150466919
-0.2657233476638794
0.17520861327648163
-0.22641554474830627
-0.6977239847183228
0.8425866365432739
0.38802269101142883
-0.40399494767189026
0.8509268760681152
1.014487624168396
0.20381416380405426
0.9602653980255127
0.7238483428955078
0.2367321401834488
0.12129028886556625
-0.1858266294002533
-0.5936530828475952
-0.4140417277812958
0.012341105379164219
0.2960606515407562
0.1411474496126175
0.02288035675883293
-0.8899698853492737
-0.3982360363006592
-0.9041920304298401
-0.10169745981693268
0.6598210334777832
0.2605578601360321
0.4662735164165497
-0.10578509420156479
-0.3127201199531555
0.2212909311056137
0.20743612945079803
0.08104614168405533
0.6154662370681763
-0.6877356767654419
0.02405776083469391
0.6553653478622437
0.5023255348205566
0.2567131817340851
0.39433035254478455
0.198808491230011
0.8731852769851685
0.3064565360546112
-0.5813056230545044
-0.1976054459810257
0.0992773175239563
0.3765484094619751
0.24619463086128235
0.9768877029418945
-0.5249276161193848
-0.8369292616844177
0.9307436943054199
0.6734323501586914
-0.5531266927719116
0.5867811441421509
-0.34938499331474304
-0.44384852051734924
-0.7741820812225342
-0.015248876065015793
-0.3971983790397644
-0.3511985242366791
0.7969483137130737
-0.6466785073280334
0.28495198488235474
0.8990050554275513
-0.34317874908447266
-0.1559172123670578
-0.6628096699714661
-0.6985779404640198
-0.04635882005095482
-0.3847682774066925
-0.3224286735057831
0.5638692378997803
0.339883953332901
0.22196166217327118
-0.23841722309589386
0.8369516134262085
-0.6874479055404663
-0.9729197025299072
-0.6801861524581909
-0.24871481955051422
0.37158432602882385
0.055148180574178696
-0.15396465361118317
-0.39573222398757935
-0.5101566314697266
-0.6278169751167297
-0.592820942401886
-0.8012852668762207
0.3073500096797943
0.594163179397583
0.8294832706451416
-0.484134703874588
0.6012261509895325
0.5652760863304138
-0.7489328980445862
0.6260480284690857
-0.034639712423086166
-0.3891434073448181
0.43611812591552734
0.3779290020465851
-0.06922634690999985
-0.45501890778541565
-0.4797786474227905
0.9107867479324341
0.8406339883804321
0.6768089532852173
0.662261962890625
0.7506234645843506
-0.2694667875766754
-0.08265266567468643
-0.2673921585083008
-0.6064327359199524
-0.37080898880958557
0.45030316710472107
0.47276291251182556
-0.10120977461338043
-0.650890052318573
-0.09215739369392395
0.49650630354881287
0.2133561223745346
-0.757905900478363
0.03498460724949837
0.1473335325717926
0.41182711720466614
0.5709282159805298
0.16485057771205902
0.4024054706096649
-0.28731346130371094
0.6295042037963867
-0.27290499210357666
-0.2224273979663849
-0.3657221496105194
0.3051966726779938
-0.9079561829566956
0.964537501335144
0.03311317786574364
0.4145543873310089
0.41341346502304077
-0.346742182970047
0.06609270721673965
-0.5947533845901489
-0.1485934555530548
0.15229840576648712
-0.4195989668369293
0.5377246141433716
-0.24070070683956146
-0.24116702377796173
0.15262371301651
-0.2828546464443207
-0.72413170337677
-0.7281405925750732
-0.540064811706543
-0.08938932418823242
-0.6138395071029663
0.680205225944519
-0.8544284105300903
0.1992320865392685
-0.2074752002954483
0.5579699277877808
-0.2780132591724396
0.400373637676239
-0.9404278993606567
0.541001558303833
-0.40730977058410645
0.2907485365867615
0.17479777336120605
-0.9250274896621704
0.5370146632194519
0.6033411026000977
0.2469441145658493
0.5495059490203857
-0.20155461132526398
-0.7289155721664429
-0.694144606590271
-0.4109518826007843
-0.05899165943264961
-0.070710189640522
-0.6748340129852295
-0.3650709092617035
-0.8258395791053772
-0.6908463835716248
0.5310918092727661
-0.25081270933151245
0.5708056688308716
0.11573285609483719
-1.0611602067947388
-0.6858833432197571
-0.3014312982559204
-0.19813533127307892
-0.7189866304397583
-0.8208563327789307
0.20938754081726074
-0.08851529657840729
0.40781649947166443
0.5880801677703857
-0.732392430305481
-0.09636770188808441
-0.23583848774433136
0.17878654599189758
-0.47890815138816833
-0.9489130973815918
-0.45522573590278625
-0.0916476845741272
-0.18452468514442444
1.0851678848266602
0.8097693920135498
-0.6043564081192017
-0.30289426445961
-0.22112485766410828
0.623686671257019
0.4940837323665619
0.40431830286979675
-0.9372965097427368
-0.039421357214450836
0.806878924369812
0.03081391006708145
0.7028723955154419
-0.7230750322341919
0.9979857206344604
-0.2153080701828003
-0.16290049254894257
0.09575353562831879
0.450055867433548
-0.3971782624721527
-0.14112921059131622
-1.1764395236968994
0.343137264251709
-0.5738205909729004
-0.3772185444831848
-0.21634572744369507
0.6254981756210327
1.076439619064331
0.5845832228660583
0.027030866593122482
0.08985873311758041
0.7373179197311401
0.526801347732544
0.5647656917572021
0.08749598264694214
-0.3969743549823761
-0.9363193511962891
-1.0571519136428833
0.9718619585037231
-0.7238881587982178
0.5378490686416626
0.12405776977539062
0.3657033443450928
-0.06257518380880356
-1.180102825164795
0.37658455967903137
0.10277418792247772
0.4304002523422241
0.7656973600387573
-0.565520167350769
0.5371546745300293
-0.13716116547584534
0.6410821676254272
-0.8286489248275757
-0.3069038987159729
0.867835283279419
-0.15044467151165009
-0.5907865762710571
0.5073714852333069
-0.2733529806137085
-0.6071652173995972
0.7862281799316406
-0.703563928604126
-0.14336620271205902
-0.4020423889160156
-0.5751829147338867
-0.4779101014137268
1.0655341148376465
0.5635456442832947
-0.3565477728843689
-0.4336998462677002
0.33563026785850525
0.5372549295425415
0.4537976086139679
-1.1908851861953735
-0.0395868718624115
-1.0626256465911865
0.32655656337738037
0.7223420143127441
0.1946159154176712
-0.9093393087387085
-0.8124125003814697
0.029450416564941406
1.0224823951721191
1.059064269065857
0.5680013298988342
0.4872286021709442
-0.25528666377067566
0.34780001640319824
-0.7506833672523499
0.31886714696884155
0.46797996759414673
-0.9123928546905518
0.46732932329177856
0.3730276823043823
-0.061392221599817276
0.6632800102233887
-0.7233802080154419
0.5799622535705566
0.22364753484725952
-0.6593559980392456
-0.40149423480033875
0.3580286502838135
0.3209993541240692
0.005948017816990614
-1.0255767107009888
-0.7169309854507446
-0.27789050340652466
0.3680844008922577
-0.3119102120399475
-0.8672842979431152
-0.6112743020057678
0.8179680109024048
0.45789065957069397
0.7784563302993774
0.3671071529388428
0.7165238857269287
0.502955436706543
0.4372783899307251
-0.17870721220970154
0.6239089965820312
-0.6551408767700195
1.0772532224655151
0.808894157409668
0.3031214773654938
-0.39213234186172485
-0.09295140206813812
-0.6791112422943115
-0.2704067826271057
0.559288740158081
0.44366326928138733
0.029303133487701416
-0.4601508378982544
-0.5662922859191895
-0.5700350999832153
-0.9169481992721558
0.13156652450561523
0.2032831460237503
-0.1241590604186058
0.8574600219726562
-0.7326147556304932
0.19512496888637543
0.6728208065032959
-0.8632978200912476
0.01571761816740036
0.12068178504705429
-0.8019348382949829
-0.5851935744285583
-0.18068118393421173
-0.7820160984992981
0.7576432228088379
0.13470016419887543
0.42657923698425293
-1.0306624174118042
0.7021169662475586
0.2905227243900299
0.3158727288246155
0.4178864657878876
0.3284458816051483
-1.2262883186340332
0.466452419757843
0.9042328596115112
-0.24157284200191498
-0.6133719086647034
0.28843045234680176
0.7072664499282837
-0.17207375168800354
-0.7548534870147705
0.9242334365844727
-0.05003875866532326
-0.7617316246032715
0.13378463685512543
0.25339701771736145
-0.10625388473272324
0.5236872434616089
0.3150419294834137
0.11461656540632248
0.04385507479310036
-0.11496264487504959
-0.12395460158586502
-0.36393195390701294
0.6476725339889526
0.30507081747055054
-1.0855963230133057
-0.9526996612548828
-1.2512725591659546
0.45560744404792786
0.4464927017688751
-0.15488332509994507
-0.860184371471405
-0.45036229491233826
-0.8002868890762329
-0.9742838144302368
0.6157093048095703
0.11217503994703293
-0.367574006319046
-0.783887505531311
0.06971710175275803
-0.48028770089149475
0.023044507950544357
-0.5435629487037659
-0.6633584499359131
0.22387400269508362
-0.10904324799776077
0.8863283395767212
0.6628521680831909
0.38899993896484375
0.05252295359969139
0.547980546951294
-0.21227756142616272
-1.0219134092330933
-0.14621597528457642
0.31784671545028687
-0.42125070095062256
0.6189632415771484
-0.7774819731712341
0.25986379384994507
-0.6985174417495728
-0.5577459335327148
-0.43707501888275146
-0.2075563669204712
0.008839946240186691
0.7856979370117188
-0.7659437656402588
0.9220355749130249
-0.26985371112823486
0.5150848031044006
0.8959951400756836
0.9753819704055786
-0.2957126796245575
-0.08385572582483292
0.3850312829017639
-0.8566033244132996
0.8181712627410889
-0.4315616190433502
0.8013452291488647
-0.43084993958473206
-0.7063922882080078
0.7950371503829956
-0.14936919510364532
-0.8086315393447876
0.0051356214098632336
-0.6410228610038757
-0.8365237712860107
-0.6419361233711243
-0.3293636739253998
-0.1189294084906578
0.17362163960933685
0.9006720781326294
0.6585986614227295
-0.5907278060913086
0.5384968519210815
0.22214359045028687
-0.6676523089408875
0.21386519074440002
-0.1355724334716797
-0.34781819581985474
-0.32324230670928955
-0.9001641273498535
0.5989458560943604
0.8407539129257202
-0.8934081196784973
-0.4099135994911194
-0.42808249592781067
0.12269541621208191
0.5416926145553589
-0.06963405758142471
0.20981289446353912
0.4072890281677246
0.6899303197860718
0.010365288704633713
-0.9366849660873413
-0.4968096911907196
0.9213646650314331
-0.10845177620649338
0.23325301706790924
-0.16704854369163513
0.37538614869117737
-0.164261594414711
0.39463552832603455
0.5684292316436768
0.20336559414863586
0.18631671369075775
0.6841955184936523
0.38071903586387634
0.6904813051223755
-0.5258442759513855
-0.2289608120918274
-0.08422134816646576
0.7771140336990356
0.8618541955947876
-0.9044356346130371
0.7296267747879028
-0.6152439117431641
0.1571800410747528
0.09703848510980606
-0.8856574892997742
-0.09323406219482422
0.7305630445480347
0.7537167072296143
0.9286891222000122
0.44788122177124023
1.1063275337219238
-0.783011794090271
0.12410107254981995
-0.525719404220581
0.7023241519927979
-0.43656492233276367
-0.47916942834854126
0.757195234298706
-0.5302176475524902
-0.8747515082359314
-0.3153679072856903
-0.6480807065963745
-0.23451578617095947
0.5637482404708862
-0.6625666618347168
0.8555870056152344
0.789117693901062
-0.4334946274757385
0.7148149013519287
-0.47479599714279175
0.6587016582489014
-0.7074288129806519
0.6618554592132568
0.7794743776321411
-0.28452277183532715
0.24619345366954803
-0.7389833331108093
-0.5542030334472656
0.5923770666122437
-0.4971529543399811
0.6236897110939026
-0.6036026477813721
-0.24356631934642792
0.21058928966522217
0.3772405982017517
-0.14576616883277893
0.3603314459323883
0.9071425199508667
-0.6770934462547302
-0.20698629319667816
-0.7475100159645081
-0.46256905794143677
-0.7469192743301392
-0.5473695993423462
0.04137275740504265
0.2531309425830841
-0.8360545635223389
0.2528262734413147
0.46358785033226013
-0.2639734447002411
-0.006417419295758009
0.44773903489112854
0.6907466650009155
0.709302544593811
-0.300432026386261
0.7038298845291138
0.5256227850914001
0.717583954334259
0.22788414359092712
0.3234882354736328
0.24165715277194977
-0.6602668762207031
-0.7948534488677979
-0.7633180618286133
1.0570908784866333
-0.50448077917099
-0.5315811634063721
0.624052882194519
0.29709768295288086
-0.8902548551559448
-0.1574041098356247
-0.14769922196865082
-0.42425790429115295
-0.12420056760311127
0.8601843118667603
1.0065314769744873
-0.2888563871383667
1.0611803531646729
0.5543699264526367
-0.14037418365478516
0.004995859693735838
-0.26267215609550476
-0.8408344984054565
0.8436651229858398
0.5606768727302551
0.03740653768181801
0.8277747631072998
-0.6565239429473877
-0.0694497600197792
0.582120418548584
-0.2376476675271988
0.016897477209568024
-0.913245677947998
0.2591533958911896
0.008677620440721512
0.5625684261322021
-0.6931870579719543
-0.8042951822280884
-0.21412821114063263
0.7590459585189819
-1.0134690999984741
-0.23064850270748138
-0.3339841663837433
-0.6030964255332947
-0.4261702299118042
-0.7826874852180481
0.4546549916267395
-0.2931095361709595
-0.3656013309955597
-0.09126009047031403
0.20539988577365875
0.946104884147644
0.20336559414863586
0.24053707718849182
-0.5188653469085693
-0.3554081618785858
0.13380350172519684
0.28108587861061096
0.293577641248703
-0.36342480778694153
-0.8040913343429565
0.8431147336959839
-0.26531752943992615
-0.7841932773590088
0.2987048327922821
-0.8716189861297607
0.35205110907554626
-0.3397826850414276
-0.19311074912548065
0.2075972706079483
