10.191473007202148
1.4761654138565063
2.2159440517425537
1.336374044418335
1.4820080995559692
2.0185420513153076
2.1315550804138184
3.946672201156616
4.27067232131958
5.1957502365112305
3.7188026905059814
2.292473554611206
1.8096624612808228
2.872281312942505
4.5356035232543945
3.8815884590148926
1.1254947185516357
0.1193448081612587
1.8692303895950317
2.0671327114105225
1.1839038133621216
1.7307286262512207
2.5296757221221924
4.211340427398682
5.040762901306152
4.146486282348633
2.630862236022949
1.558745265007019
0.8214537501335144
1.4670237302780151
0.6358227729797363
0.9080826640129089
1.2698593139648438
2.0484778881073
3.509188175201416
3.096021890640259
3.556544065475464
4.081305503845215
3.795694589614868
2.2448575496673584
2.899949550628662
3.514227867126465
2.741325616836548
2.9501283168792725
0.4502551555633545
0.17058010399341583
0.7042403221130371
1.9285374879837036
1.818486213684082
1.8415809869766235
1.9241141080856323
3.7689871788024902
5.372479438781738
3.6781702041625977
2.5913777351379395
0.4993148446083069
0.4161854386329651
1.9241976737976074
1.8456207513809204
1.8691842555999756
1.2221590280532837
1.6198467016220093
3.995913028717041
3.454979419708252
4.659078121185303
4.867121696472168
2.653416872024536
3.478186845779419
2.3578522205352783
3.2287356853485107
3.32456374168396
3.7262227535247803
2.1627190113067627
0.47574615478515625
1.3593331575393677
0.8164693117141724
1.6158790588378906
2.033491611480713
2.0504801273345947
4.389908313751221
5.296407699584961
4.136574745178223
2.8098669052124023
0.26857343316078186
0.8167506456375122
2.4513485431671143
2.0968708992004395
0.9473732113838196
2.5779361724853516
1.8839884996414185
3.9081950187683105
3.9656479358673096
3.9793736934661865
5.104854583740234
3.289271593093872
3.035000801086426
3.0017879009246826
2.9550018310546875
3.9285166263580322
3.5696654319763184
1.5171570777893066
0.1792444884777069
2.204464912414551
2.248624801635742
2.116000175476074
3.003211736679077
2.240938425064087
4.522841453552246
6.13169002532959
3.854926824569702
2.619534492492676
0.2766302824020386
0.548227846622467
1.4872972965240479
1.1447467803955078
1.4927783012390137
2.601818799972534
3.471735715866089
3.5862960815429688
4.824575901031494
5.48224401473999
4.146085262298584
2.9953737258911133
3.4710354804992676
3.3932526111602783
4.472904205322266
3.505228281021118
2.256572723388672
0.47307902574539185
1.6936439275741577
1.624251127243042
1.6657906770706177
1.4394500255584717
2.826944589614868
3.8006348609924316
4.8858137130737305
6.195171356201172
3.607038974761963
1.293785810470581
1.2855983972549438
0.6046109199523926
1.795179843902588
1.8592113256454468
1.174921989440918
1.5069226026535034
2.2005269527435303
3.5355076789855957
4.153083801269531
5.162816524505615
4.908726692199707
3.2818057537078857
3.6616055965423584
3.4914450645446777
4.671448707580566
3.9548025131225586
2.821502685546875
0.5279013514518738
0.3258354663848877
0.9688830375671387
2.052790403366089
1.9330387115478516
1.9291471242904663
3.023282527923584
3.697228193283081
6.119985580444336
4.4823760986328125
0.9774715304374695
0.06816481798887253
0.480968177318573
1.8234987258911133
2.071284055709839
1.2626920938491821
1.8194259405136108
2.243096351623535
3.261509418487549
3.510226249694824
5.76365852355957
5.573645114898682
3.281602144241333
3.9908804893493652
3.5020854473114014
3.6675899028778076
2.834643602371216
2.782073974609375
1.2634127140045166
0.5742101073265076
0.20407162606716156
0.7806186676025391
2.2212729454040527
3.171985626220703
3.696535348892212
4.298956871032715
5.8945631980896
5.12642240524292
1.076513648033142
0.12467276304960251
1.6465280055999756
1.707085132598877
2.5365915298461914
2.724245071411133
2.6901936531066895
3.6755709648132324
3.93866229057312
5.0352702140808105
4.367325305938721
5.830310344696045
4.595456600189209
4.244457244873047
2.7285611629486084
3.396343946456909
4.153679847717285
2.1597065925598145
1.8603816032409668
1.132399082183838
1.8758301734924316
0.8444922566413879
1.6089547872543335
1.8578399419784546
3.7549781799316406
5.0796589851379395
6.200206279754639
5.036391258239746
2.5024936199188232
0.3305463194847107
1.074545979499817
2.858149528503418
2.777878522872925
3.088742733001709
2.4055614471435547
2.0392227172851562
2.8749146461486816
4.37580680847168
5.001856803894043
4.8613128662109375
4.1615447998046875
3.5020883083343506
2.563364267349243
4.218677520751953
2.8853604793548584
3.052915573120117
0.47134649753570557
0.8867684602737427
0.9341936707496643
2.0104925632476807
1.0702641010284424
1.900022268295288
3.5562548637390137
4.577653884887695
5.458123207092285
4.922508239746094
2.468093156814575
0.9676640629768372
1.3695194721221924
1.5888631343841553
3.057912588119507
3.5366976261138916
2.405501127243042
3.425630807876587
4.707708358764648
3.964714288711548
4.623382091522217
5.1869425773620605
3.730149507522583
2.626344680786133
2.2831263542175293
2.6285769939422607
4.3014326095581055
3.3768832683563232
2.247258186340332
0.495505154132843
1.302730679512024
2.0672786235809326
1.931839108467102
2.7059528827667236
2.804718255996704
3.6696836948394775
5.897086143493652
5.054672718048096
1.7684005498886108
1.1592656373977661
0.11929646879434586
2.660299777984619
1.5350974798202515
1.7783575057983398
3.698699951171875
3.337099552154541
3.5328447818756104
3.780595064163208
5.738415241241455
6.052404880523682
4.3084611892700195
3.3177356719970703
3.6537487506866455
4.3152923583984375
4.463480472564697
3.6791491508483887
2.5384268760681152
1.3549377918243408
1.0875834226608276
0.5220838785171509
0.2854509949684143
2.6581175327301025
1.6728262901306152
3.926640272140503
5.757755279541016
4.237364292144775
1.398737907409668
0.8238617777824402
1.4211169481277466
1.9727931022644043
2.5351593494415283
2.9169013500213623
2.546220302581787
3.656982898712158
3.9335484504699707
4.482625961303711
4.85775089263916
5.224513530731201
4.0219902992248535
3.927900552749634
3.8162553310394287
4.127564907073975
3.899467945098877
3.8098254203796387
1.7833576202392578
2.3322246074676514
0.36553990840911865
1.733572006225586
0.8083711266517639
2.148831844329834
2.039576530456543
4.172633171081543
5.936173915863037
4.395057678222656
2.8045294284820557
1.47224760055542
1.0836334228515625
3.0634942054748535
2.341978073120117
3.3712804317474365
2.1117353439331055
2.7472503185272217
4.518507957458496
4.362040042877197
4.687646865844727
4.548426151275635
3.908423662185669
2.3520166873931885
3.0983290672302246
4.2865309715271
3.4502077102661133
2.9344639778137207
0.8624182939529419
1.9331600666046143
0.24481140077114105
2.2111716270446777
0.35749077796936035
1.2070302963256836
2.1663966178894043
3.370060682296753
6.258907794952393
4.478097438812256
2.3165645599365234
1.5393942594528198
0.19341683387756348
2.9600653648376465
3.0778391361236572
2.6239709854125977
1.936816692352295
2.5686182975769043
3.076647996902466
4.482992649078369
4.371854305267334
4.1499714851379395
3.727020502090454
4.17483377456665
4.25728178024292
3.1869518756866455
3.6501922607421875
3.999819040298462
2.1020662784576416
1.3274747133255005
0.23298941552639008
1.1509324312210083
1.1343942880630493
0.7607936859130859
2.609006404876709
3.4326701164245605
4.713282108306885
3.8370983600616455
1.9915796518325806
0.6391078233718872
0.9801731109619141
2.7996461391448975
2.157219171524048
2.5457561016082764
2.6257269382476807
2.7865686416625977
4.142640113830566
3.601712226867676
5.425082683563232
5.0866312980651855
2.6218008995056152
4.292947769165039
3.2531039714813232
3.0736773014068604
4.154371738433838
2.7095160484313965
2.520676851272583
0.6881136894226074
0.6456912159919739
1.7156003713607788
1.9271585941314697
1.3021245002746582
2.1283860206604004
4.3911590576171875
5.78786563873291
3.621070623397827
1.1680797338485718
0.7646216154098511
0.012448752298951149
3.402174711227417
3.1831560134887695
2.473120927810669
1.8364518880844116
2.6459848880767822
4.492710590362549
3.8174855709075928
5.395654678344727
4.852688312530518
2.6763548851013184
3.0269076824188232
3.758002281188965
4.369574546813965
3.7034804821014404
3.7689149379730225
2.0239098072052
2.125044107437134
2.0281622409820557
1.1949830055236816
1.3678674697875977
1.1330275535583496
2.162384271621704
2.504727363586426
5.239291191101074
4.41907262802124
2.173732280731201
-0.23809164762496948
1.2699182033538818
2.6608541011810303
3.5216383934020996
2.837148904800415
2.4426701068878174
2.364267587661743
3.191861629486084
3.87722110748291
5.591337203979492
4.909485816955566
2.642944574356079
2.607745409011841
3.9207558631896973
4.205539226531982
3.464336395263672
3.0382142066955566
2.8029253482818604
1.824388027191162
0.6927067637443542
1.6367459297180176
0.26423513889312744
1.21024489402771
2.7098042964935303
2.465611457824707
5.324638366699219
3.7594127655029297
2.8080835342407227
0.3767610788345337
0.26254820823669434
1.920677900314331
3.2690181732177734
2.2921438217163086
3.4757280349731445
2.7372243404388428
2.7747740745544434
3.714001178741455
5.827144622802734
4.937821865081787
3.2968688011169434
3.7243456840515137
3.7364559173583984
3.587552547454834
2.9817728996276855
2.942633867263794
1.0673401355743408
2.177412748336792
2.0862700939178467
2.3320348262786865
1.5019207000732422
0.9712235331535339
2.084705114364624
3.1122143268585205
4.546060085296631
4.332294940948486
2.0099775791168213
-0.1796213537454605
0.12880323827266693
2.551642656326294
2.6143321990966797
3.149163246154785
2.3170292377471924
2.4299824237823486
3.4478302001953125
3.642242670059204
5.032876014709473
5.047053813934326
3.1149024963378906
2.6608190536499023
3.641418218612671
3.725353956222534
4.197615146636963
2.767442464828491
1.8628360033035278
1.6684353351593018
1.0681703090667725
2.078481674194336
0.8284164667129517
1.620551586151123
1.383397102355957
3.244861125946045
4.7644877433776855
4.334417343139648
1.850163221359253
-0.35789716243743896
0.5137543082237244
1.8808653354644775
1.9554634094238281
2.6187057495117188
3.160616397857666
3.370176076889038
3.165933847427368
4.762192249298096
5.217169761657715
3.4750397205352783
2.918240785598755
2.1105659008026123
3.7556028366088867
4.287899017333984
4.684173107147217
3.4111440181732178
2.2846736907958984
1.1733273267745972
0.7275162935256958
1.144293189048767
1.4004132747650146
0.9167805910110474
1.3030706644058228
2.1224212646484375
4.857508659362793
3.173571825027466
2.6263651847839355
-0.17472702264785767
0.2843843698501587
2.1977672576904297
3.086395263671875
2.626579761505127
3.2956864833831787
2.8034496307373047
2.8876218795776367
3.6734459400177
5.134363174438477
3.6202914714813232
2.3605055809020996
3.3458285331726074
3.1672067642211914
3.8156375885009766
4.246510028839111
3.039288282394409
0.9538856744766235
2.1734790802001953
1.0232484340667725
1.8556846380233765
0.7626481056213379
1.398720145225525
1.9178670644760132
3.505862236022949
4.657808780670166
3.7503206729888916
1.4542495012283325
0.3906213343143463
0.7601216435432434
2.6662819385528564
2.913607120513916
2.1329798698425293
3.0216944217681885
2.059009075164795
2.535311460494995
4.305049896240234
4.937108993530273
3.8404793739318848
3.1224002838134766
3.5630948543548584
2.9041714668273926
4.1037421226501465
3.5728182792663574
3.790040969848633
2.490203380584717
2.0927817821502686
1.1609865427017212
0.8326866626739502
1.3358207941055298
2.6558709144592285
2.585024356842041
1.7118417024612427
4.370017051696777
2.3822708129882812
1.3038901090621948
0.9619957208633423
1.3763813972473145
1.0919716358184814
1.702845811843872
2.2645416259765625
1.8073643445968628
1.871700644493103
2.6776390075683594
2.7871572971343994
4.6136393547058105
3.8926844596862793
3.7401437759399414
2.3719096183776855
3.19901180267334
3.4500107765197754
2.6680290699005127
3.4234538078308105
1.927070140838623
1.5027356147766113
0.24938619136810303
0.3686307668685913
1.6188963651657104
1.377591848373413
2.5038387775421143
2.8752169609069824
3.3356056213378906
3.125969886779785
2.2740137577056885
0.8212980628013611
0.831893265247345
1.4811304807662964
1.2151578664779663
2.79079532623291
3.055175304412842
2.702134609222412
1.326552152633667
3.474043846130371
2.9835052490234375
3.515662431716919
3.636939525604248
2.9577386379241943
1.6962076425552368
3.462169647216797
4.2597222328186035
2.935436964035034
2.1664397716522217
1.787443995475769
1.364553689956665
2.009185314178467
0.6816769242286682
2.3318445682525635
0.9920915961265564
2.9838500022888184
4.74052619934082
2.649339199066162
1.189021348953247
-0.0030687509570270777
0.7844710946083069
0.5382949113845825
0.990247368812561
2.3797473907470703
2.175410509109497
2.1499083042144775
2.9509055614471436
2.5668511390686035
4.648370265960693
3.653627395629883
3.394563674926758
3.0157926082611084
2.167224168777466
4.186563491821289
2.469987392425537
2.620987892150879
1.1952003240585327
1.7549188137054443
1.5905581712722778
1.7219752073287964
1.2309117317199707
0.8483732342720032
0.9501352906227112
2.2357430458068848
5.055333614349365
4.212161540985107
1.5854402780532837
0.9893152713775635
1.111391544342041
1.4925642013549805
2.366267442703247
2.304370641708374
2.023597240447998
2.2766075134277344
1.6385116577148438
3.1675655841827393
3.1956498622894287
3.735595703125
3.6115853786468506
1.8154749870300293
2.8487436771392822
2.895148992538452
2.720608711242676
3.456584930419922
1.4254354238510132
1.8761889934539795
1.0213948488235474
0.6675825715065002
1.508355736732483
2.2758290767669678
1.8410533666610718
3.3958213329315186
5.59963321685791
3.8893325328826904
2.4387691020965576
0.6439083218574524
1.562192678451538
1.137749433517456
2.4012320041656494
2.9083876609802246
2.0965142250061035
3.1611204147338867
1.5763651132583618
2.1964619159698486
4.464696884155273
2.9550271034240723
2.4846436977386475
2.940636157989502
2.0252532958984375
3.1291627883911133
3.9003844261169434
2.2642061710357666
1.3650208711624146
1.1935392618179321
0.4008066654205322
1.3790651559829712
1.5888460874557495
2.1715164184570312
2.7623724937438965
2.1848690509796143
5.124624729156494
2.9185121059417725
2.325690746307373
0.15743690729141235
1.497894287109375
2.020475387573242
1.7907962799072266
1.140491247177124
1.4430686235427856
1.6585075855255127
2.9448888301849365
3.2656397819519043
3.904573440551758
3.356621265411377
3.2868757247924805
2.760911703109741
3.355565071105957
3.5395452976226807
3.1561920642852783
4.020261287689209
1.5538901090621948
0.9094512462615967
0.9640322923660278
0.6161906719207764
1.3277627229690552
1.7141519784927368
2.877789258956909
3.122952699661255
5.193212509155273
4.027299404144287
2.8247320652008057
0.08866756409406662
