0.49001774191856384
0.5294209718704224
0.07190658897161484
0.477130651473999
0.39649343490600586
-0.9799244999885559
-0.16867700219154358
0.3701031506061554
-0.05633334815502167
-0.8856531977653503
-0.7201818227767944
0.4423265755176544
0.7870239019393921
-0.7695077061653137
0.860129714012146
-0.736061692237854
-0.6428723931312561
0.951687216758728
-0.8502740859985352
0.5047417879104614
-0.19948838651180267
-0.7226395606994629
-0.06122525408864021
0.2966245412826538
0.3957570791244507
-0.0704803541302681
-0.5718598365783691
-0.5923662781715393
-0.06502486020326614
0.3484516441822052
0.2923922538757324
0.46445709466934204
0.566631555557251
-0.07712380588054657
0.5490220785140991
0.21783247590065002
-0.616382360458374
-0.7629728317260742
0.7724378108978271
-0.9932675361633301
-0.7716519236564636
0.5461840629577637
-0.08984322100877762
0.9186642169952393
-0.9700876474380493
0.19431477785110474
-0.6898871064186096
-0.4441432058811188
0.7190101146697998
-0.5541733503341675
-0.9145480394363403
-0.12292283773422241
0.2443442940711975
-0.39188891649246216
0.49371016025543213
0.6868211030960083
0.8316233158111572
0.37873777747154236
0.28743982315063477
0.3309609591960907
-0.17291760444641113
0.2710292339324951
-0.6543146371841431
0.1397952139377594
0.7923256158828735
0.8789107799530029
0.7730481624603271
-0.62226402759552
0.7511016130447388
0.5335434675216675
0.7823201417922974
-0.9660571217536926
0.19398632645606995
0.2578701972961426
0.8204210996627808
-0.33001822233200073
-0.7153842449188232
-0.5360026359558105
0.898682713508606
0.00777742313221097
-0.45784738659858704
-0.4423540234565735
-0.7229344844818115
-0.32812535762786865
0.21847784519195557
-0.6899479627609253
-0.4898013472557068
0.6667546033859253
0.8047837018966675
0.36476200819015503
0.23421046137809753
0.07482515275478363
0.8881335258483887
0.5719637870788574
-0.8040752410888672
0.8476945161819458
-0.3882266879081726
-0.7508363723754883
0.2209012508392334
-0.3418944180011749
0.7670851945877075
0.48046714067459106
-0.0862443819642067
0.29070159792900085
-0.2744845449924469
-0.7192316651344299
0.5327394008636475
-0.43578872084617615
0.06766320765018463
0.29226502776145935
0.4257913827896118
0.6553668975830078
-0.396181583404541
0.01392979547381401
-0.3283785581588745
0.1697387397289276
-1.0265203714370728
0.4714334309101105
-0.18444418907165527
-0.2673834264278412
0.02841450646519661
0.8560625314712524
-0.9353088736534119
0.5945210456848145
-0.18325603008270264
0.1852320432662964
0.4096183478832245
-0.5730458498001099
0.2464580237865448
0.6759263277053833
-0.30791690945625305
0.27264052629470825
0.5584970712661743
-0.16260121762752533
-0.7095959186553955
-0.6735638380050659
-0.8017516136169434
-0.05529810115695
0.47364503145217896
0.7137080430984497
-0.8901780843734741
-0.0038948298897594213
0.47813335061073303
0.29474496841430664
-0.8806501030921936
0.8622984886169434
-0.643114447593689
-0.5304828882217407
-0.375363826751709
-0.9130465388298035
-0.562472403049469
-0.762812077999115
-0.38578692078590393
-0.48235997557640076
-0.45023196935653687
0.1915237307548523
-0.9096813797950745
0.6990734338760376
-0.3105390667915344
0.8151394128799438
0.15194672346115112
-0.4262194037437439
0.3664968013763428
-0.06041686236858368
0.4726845622062683
-0.3296228051185608
0.026224952191114426
0.7852698564529419
0.2861897051334381
-0.2500288188457489
0.866257905960083
-1.0108095407485962
-0.5832982063293457
0.05318784341216087
-0.5091687440872192
0.2746152877807617
0.6629027128219604
0.826539158821106
-0.22891762852668762
0.7727267742156982
0.055414922535419464
-0.718069851398468
0.4263549745082855
-0.5081209540367126
-0.4016825556755066
-0.4767864942550659
-0.5132684707641602
0.37992072105407715
0.45649203658103943
-0.5055330991744995
-0.6531144380569458
0.6980255842208862
0.898621678352356
-0.8620338439941406
0.07257040590047836
0.6756026744842529
0.2894739806652069
-0.7761812806129456
-0.7183222770690918
0.34572163224220276
-0.9684457778930664
-0.7646533846855164
0.7619760036468506
-0.24782902002334595
-0.6257901191711426
-0.34625333547592163
-0.48049384355545044
0.4101333022117615
0.9789016246795654
0.13315224647521973
-0.48927897214889526
-0.6386914253234863
-0.07018221914768219
-0.6218777894973755
0.9247128963470459
-0.7156225442886353
0.11537682265043259
0.7147881984710693
-0.8426648378372192
0.2884054183959961
0.7594430446624756
-0.21722108125686646
-0.8241785764694214
-0.8439708948135376
0.5131890773773193
0.19224858283996582
0.05519615858793259
0.49991360306739807
-0.8808313012123108
-0.3212357759475708
-0.2842254936695099
0.03082994371652603
-0.2585122287273407
-0.17174845933914185
-0.025031421333551407
-0.041533928364515305
0.6047935485839844
0.5202734470367432
0.702332615852356
-0.6710268259048462
-0.701661229133606
-0.3429465591907501
-0.14886131882667542
-0.4001825749874115
-0.1894887089729309
-0.5582669973373413
0.4478307366371155
-0.15898928046226501
-0.5855706334114075
0.19896367192268372
-0.152082622051239
0.7300374507904053
0.5298868417739868
-0.552189826965332
-0.44343528151512146
-0.9298584461212158
-0.7190710306167603
0.08068650215864182
-0.28220880031585693
0.6022827625274658
-0.6213873624801636
0.30275750160217285
0.08796235173940659
0.4381484091281891
-1.0268378257751465
0.2604002058506012
-0.8641924858093262
0.11031609773635864
0.17543840408325195
0.08994404226541519
0.8297961950302124
-0.20873448252677917
0.9849015474319458
-0.42225199937820435
0.9099541902542114
-0.34883278608322144
-0.35942137241363525
-0.22241409122943878
0.5135555267333984
-0.8295010924339294
0.6892626285552979
0.32068881392478943
-0.15077942609786987
0.03035997971892357
-0.6249804496765137
-0.2739487290382385
-0.23796534538269043
-0.5361837148666382
-0.24837005138397217
-0.35988715291023254
-0.23770275712013245
0.016960326582193375
0.7032524347305298
0.5117833614349365
0.6942434310913086
0.7296874523162842
-0.17537984251976013
0.11015970259904861
-0.142535999417305
0.26869288086891174
0.3335510194301605
0.06443698704242706
-0.46300047636032104
-0.47434332966804504
-0.19164302945137024
-1.0269068479537964
-0.4186907708644867
-0.6891770362854004
-0.8864771127700806
-0.8711752891540527
0.750041127204895
-0.15773767232894897
0.7379966974258423
0.0036275547463446856
-0.26336678862571716
-0.09847083687782288
0.09863971918821335
0.5223691463470459
-0.35254183411598206
0.42083391547203064
0.9335898160934448
0.545589804649353
-0.534818708896637
-0.8094383478164673
0.33070486783981323
-0.20773530006408691
-0.028889168053865433
0.7120356559753418
-0.5818251967430115
0.11636877804994583
0.33156099915504456
0.044811006635427475
0.5571380853652954
-0.10412824153900146
0.19566106796264648
0.6354341506958008
0.04541121795773506
0.5076552033424377
-0.1420653760433197
-0.07320564985275269
0.733628511428833
-0.4486609697341919
-0.10593441128730774
0.6659363508224487
-0.8609271049499512
-0.3221454322338104
-0.6261136531829834
-0.24187582731246948
-0.9372212290763855
-0.5519882440567017
0.4128616750240326
0.28167957067489624
0.1554923802614212
-0.2971705198287964
-0.9246883988380432
0.13649436831474304
0.2794364094734192
-0.6006854772567749
-0.10844237357378006
0.6841152906417847
-0.7192314863204956
0.10427691787481308
-0.38587886095046997
0.6666769981384277
0.09661956131458282
-0.23319190740585327
0.35587215423583984
-0.11996643990278244
-0.122965507209301
-1.005822777748108
-0.10703900456428528
0.11352021992206573
0.5052341222763062
-0.30666282773017883
-0.7492272257804871
-0.6782065629959106
-0.5340662002563477
0.595977783203125
-0.7986427545547485
0.7132725715637207
-0.05362697318196297
0.39503365755081177
-0.5714774131774902
-0.004828786477446556
0.624718189239502
0.6601439714431763
-0.5498560667037964
0.6122868061065674
0.5142086744308472
-0.8675801157951355
0.19512832164764404
-0.44451287388801575
-0.46621114015579224
-0.9383343458175659
-0.24236834049224854
0.8904774188995361
0.8190253973007202
-0.9376301765441895
0.7822179794311523
0.42183825373649597
0.11076772212982178
-0.8857080936431885
-0.6679544448852539
0.4019845426082611
-0.30247873067855835
0.12952953577041626
-0.5339542031288147
0.11074334383010864
-0.011897780001163483
-0.671171247959137
0.6998239755630493
-0.8075339198112488
-0.6075847148895264
-1.0023722648620605
-0.5267270803451538
-0.7331725358963013
0.5749689340591431
0.5640676021575928
0.3216581344604492
-0.2857430875301361
-0.0815599262714386
0.4355130195617676
0.7776809930801392
0.6862943172454834
0.10507871210575104
0.6750940084457397
-0.5587735772132874
-0.8748700618743896
0.5196733474731445
-0.15769805014133453
0.46377721428871155
0.1413196623325348
-0.3933996558189392
0.14792421460151672
0.2514898180961609
0.8096603155136108
-0.8099062442779541
-0.3348102569580078
-0.7659189701080322
-0.4519652724266052
0.6716738939285278
-0.9437339305877686
-0.27152806520462036
-0.6500726938247681
-0.22126203775405884
-0.6911484599113464
-0.6194380521774292
0.03049982711672783
0.10051942616701126
-0.6861474514007568
0.45011505484580994
0.15915152430534363
0.6279144287109375
-0.9968503713607788
-0.8642536401748657
0.21700707077980042
-0.35489213466644287
0.05504036694765091
-0.0014965813606977463
-1.0379565954208374
-0.16739106178283691
0.056672368198633194
0.1901843547821045
-0.46622782945632935
0.06103258207440376
0.7974100112915039
-0.2541810870170593
0.8305022716522217
0.49509182572364807
0.616093635559082
0.7015699148178101
-1.0346301794052124
0.5633107423782349
0.460247278213501
-0.5208088159561157
0.7982443571090698
0.5914753675460815
-0.6900397539138794
-0.10173061490058899
-0.9453799724578857
-0.4159048795700073
-0.016718532890081406
-0.8713949918746948
0.2921411991119385
0.36494752764701843
0.5003858804702759
0.2784775197505951
0.4206193685531616
0.852736234664917
-0.6709309816360474
0.1513405442237854
0.20698201656341553
-0.7797051072120667
-0.32595229148864746
0.4176308810710907
-0.6311755180358887
0.707134485244751
0.3777369558811188
-0.501737117767334
-0.5989804267883301
-0.76705002784729
0.084454245865345
0.4097529351711273
0.28520897030830383
0.43618857860565186
-0.7607349157333374
-0.38166484236717224
0.8404899835586548
0.627418041229248
0.9029573202133179
-0.6814091205596924
-0.5398646593093872
-0.15494956076145172
0.5264304876327515
0.4064994156360626
-0.09911668300628662
-0.02159794420003891
-0.9974058866500854
-0.1669081747531891
0.7527614831924438
-0.9187331795692444
-0.5050941109657288
0.8104476928710938
-0.377671480178833
-0.09826809912919998
0.6456823348999023
-0.5313212275505066
-0.6933804750442505
-0.15564057230949402
-0.2516945004463196
0.26257750391960144
-0.5858597755432129
-0.19117003679275513
0.8030539751052856
0.2464345395565033
-0.1638912558555603
-0.45406967401504517
-0.21953213214874268
0.652662992477417
0.13816416263580322
-0.00834511686116457
0.12210069596767426
-0.17742136120796204
-0.7976112961769104
0.11912720650434494
0.4139585494995117
-0.2923066318035126
0.5937660932540894
-0.21038490533828735
0.003899493021890521
0.31978854537010193
0.6933969259262085
-0.4512980580329895
0.7148760557174683
-0.001250034780241549
-0.1730532944202423
0.7703423500061035
-0.642978310585022
-0.4716167151927948
-0.6222399473190308
-0.4731994867324829
0.42516928911209106
-0.7952002286911011
0.7694084644317627
-0.051689255982637405
-0.43888911604881287
-0.028275322169065475
0.5995669364929199
-0.4392710328102112
-0.13064849376678467
0.10339223593473434
-0.7245012521743774
0.3160000741481781
-0.5217244029045105
-0.3325241804122925
0.5193620920181274
-0.2954219579696655
-0.4548690617084503
0.5046705007553101
-0.8626401424407959
-0.8075949549674988
-0.37725839018821716
0.5510202646255493
0.5290080308914185
0.08149008452892303
0.44976794719696045
0.6219469308853149
-0.8318735957145691
0.03202220797538757
-0.38761216402053833
0.3984794020652771
0.041549425572156906
0.25099319219589233
-0.805389404296875
0.8257945775985718
-0.5272752642631531
-0.9345496892929077
-0.6415294408798218
-0.5415264964103699
0.20722869038581848
0.5971658229827881
0.4281275272369385
0.04845481365919113
-0.12497378885746002
0.13662225008010864
0.8109278678894043
0.557263970375061
0.40737080574035645
0.388225257396698
-0.6503227949142456
-0.4656875729560852
0.19502469897270203
-0.9049327969551086
-0.11587638407945633
-0.5663970708847046
-0.7752861380577087
0.83040452003479
0.5749729871749878
0.05595410615205765
0.8978303670883179
0.8092758655548096
-0.1237068697810173
-0.04304862767457962
0.7095617055892944
-0.8021361231803894
-0.020254533737897873
0.20446354150772095
0.9266049861907959
-0.3090977072715759
-0.6607074737548828
-0.02803642302751541
0.5653859376907349
0.4843916893005371
-0.876825213432312
-0.42994096875190735
-0.40411052107810974
-0.35576918721199036
0.5299440622329712
0.10817251354455948
0.25137192010879517
0.29521799087524414
0.24173536896705627
0.5040925741195679
-0.03163346275687218
-0.38549941778182983
0.5076125860214233
0.8672873973846436
-0.18590551614761353
-0.0871475487947464
0.7722244262695312
0.8453975915908813
0.6202584505081177
0.1750170886516571
0.5839371681213379
-0.0514787957072258
-0.7881139516830444
-0.5730337500572205
-0.3720771372318268
-0.9333354234695435
-0.22201213240623474
-0.5963743329048157
0.280366986989975
0.8317902088165283
0.4369026720523834
-0.029933393001556396
0.819709062576294
0.39506131410598755
-0.5504032373428345
0.2640749514102936
-0.8704103231430054
0.09511198848485947
0.2547765076160431
-0.3826022148132324
-0.6740173101425171
-0.7381774187088013
-0.14028050005435944
0.07202031463384628
-0.08690991997718811
-0.6921799182891846
0.5611217021942139
0.382809579372406
-0.4502110779285431
0.37323933839797974
-0.9016549587249756
-0.06323110312223434
-0.061101969331502914
-0.47783833742141724
-0.25868287682533264
0.4503675401210785
-0.11091871559619904
0.056593459099531174
0.6164209842681885
-0.5906428098678589
-0.4690195918083191
-0.7677764892578125
-0.9630197286605835
-0.02163761481642723
-0.2788292467594147
-0.6852788925170898
0.024384260177612305
0.4957609474658966
0.6268829107284546
-0.5965756177902222
0.7735142707824707
-0.9629442095756531
-0.5923782587051392
-0.7739797830581665
-0.514339029788971
-0.34257858991622925
0.3451906442642212
0.711933970451355
-0.1757792830467224
-1.0774190425872803
0.08471494168043137
0.3711574375629425
0.7194494009017944
-0.33153262734413147
0.3033193349838257
-0.07829419523477554
-0.8910183310508728
0.03852184861898422
-0.0923682451248169
0.7089105844497681
-0.5862441062927246
0.2640683650970459
0.3448019325733185
0.004091552458703518
0.1275184452533722
-0.5281023979187012
0.47972241044044495
-0.45711737871170044
-0.6452648639678955
0.47755753993988037
-0.1749105602502823
-0.5009353160858154
-0.6520951390266418
-0.1950111985206604
-0.01760917901992798
0.19567006826400757
-0.6344999670982361
-0.002900393446907401
-0.34113702178001404
0.8424291610717773
0.6926462650299072
-0.7989034056663513
-0.8299712538719177
-0.05889449268579483
-0.7327025532722473
-0.2734712064266205
0.18584415316581726
0.13905367255210876
0.8585225343704224
0.5145136117935181
-0.09536027163267136
-0.5113233923912048
-0.07948830723762512
-0.43166422843933105
-0.19181546568870544
-0.21140658855438232
0.032691244035959244
-0.036200009286403656
-0.5000707507133484
-0.38220587372779846
-0.5222042798995972
-0.3538503646850586
-0.7818924188613892
-0.8976936936378479
-0.7390217781066895
0.8004500865936279
-0.645557701587677
0.7561004161834717
-0.03903202712535858
0.9098076820373535
0.5176204442977905
-0.5092196464538574
0.7718579769134521
0.35586655139923096
0.08184058964252472
0.46568578481674194
0.34440234303474426
0.4160321056842804
0.3975580632686615
-0.7910947203636169
-0.8440240621566772
