0.6863639061187223
-0.2936619081454085
-0.05816207086795852
0.0
1.4661102369243e-311
1.466110236877e-311
1.466110236877e-311
1.4661106996227e-311
5e-324
6.95216808130532e-310
1.4661102369243e-311
0.0
5e-324
6.95216808130532e-310
1.466110236877e-311
0.0
5e-324
6.95216808130532e-310
1.4661106996227e-311
0.0
5e-324
6.95216808130532e-310
5e-324
0.0
5e-324
6.95216808130532e-310
6.95216808130532e-310
0.0
5e-324
6.95216808130532e-310
1.4661102369243e-311
0.0
5e-324
6.95216808130532e-310
0.0
0.0
5e-324
6.95216808130532e-310
5e-324
0.0
5e-324
6.95216808130532e-310
6.95216808130532e-310
0.0
5e-324
6.95216808130532e-310
1.466110236877e-311
0.0
5e-324
6.95216808130532e-310
0.0
0.0
5e-324
6.95216808130532e-310
5e-324
0.0
5e-324
6.95216808130532e-310
6.95216808130532e-310
0.0
5e-324
6.95216808130532e-310
1.4661106996227e-311
0.0
5e-324
6.95216808130532e-310
0.0
0.0
5e-324
6.95216808130532e-310
5e-324
0.0
5e-324
6.95216808130532e-310
6.95216808130532e-310
0.0
5e-324
6.95216808130532e-310
5e-324
0.0
5e-324
6.95216808130532e-310
0.0
0.0
5e-324
6.95216808130532e-310
5e-324
0.0
5e-324
6.95216808130532e-310
6.95216808130532e-310
0.0
5e-324
6.95216808130532e-310
6.95216808130532e-310
0.0
5e-324
6.95216808130532e-310
0.0
0.0
